transcripts;transcript_4-14_ppan;transcript_4-28_ppan;transcript_4-32_ppan;transcript_5-14_ptro;transcript_5-28_ptro;transcript_5-32_ptro
transcript_4-14_ppan;1.0;0.993;0.994;1.0;0.993;0.994
transcript_4-28_ppan;0.993;1.0;0.987;0.993;1.0;0.987
transcript_4-32_ppan;0.994;0.987;1.0;0.994;0.987;1.0
transcript_5-14_ptro;1.0;0.993;0.994;1.0;0.993;0.994
transcript_5-28_ptro;0.993;1.0;0.987;0.993;1.0;0.987
transcript_5-32_ptro;0.994;0.987;1.0;0.994;0.987;1.0
