;transcript_4-21_ppan;transcript_4-26_ppan;transcript_4-27_ppan;transcript_5-21_ptro;transcript_5-26_ptro;transcript_5-27_ptro
transcript_4-21_ppan;1.0;0.966;0.988;1.0;0.966;0.988
transcript_4-26_ppan;0.966;1.0;0.954;0.966;1.0;0.954
transcript_4-27_ppan;0.988;0.954;1.0;0.988;0.954;1.0
transcript_5-21_ptro;1.0;0.966;0.988;1.0;0.966;0.988
transcript_5-26_ptro;0.966;1.0;0.954;0.966;1.0;0.954
transcript_5-27_ptro;0.988;0.954;1.0;0.988;0.954;1.0
