transcripts;ENST00000493322_ENSG00000106290;ENST00000690962_ENSG00000106290;ENST00000440225_ENSG00000106290;FBtr0074941_FBgn0010417;ENSMUST00000048698_ENSMUSG00000036980;ENSMUST00000110936_ENSMUSG00000036980;ENST00000344095_ENSG00000106290;ENST00000452041_ENSG00000106290;ENST00000453269_ENSG00000106290;ENST00000472509_ENSG00000106290;ENST00000687672_ENSG00000106290;ENST00000686172_ENSG00000106290;ENST00000687151_ENSG00000106290;ENST00000687216_ENSG00000106290;ENST00000688086_ENSG00000106290;ENST00000689284_ENSG00000106290;ENST00000690206_ENSG00000106290;ENSDART00000163256_ENSDARG00000102998;ENSDART00000161751_ENSDARG00000102998;ENSDART00000184967_ENSDARG00000102998
ENST00000493322_ENSG00000106290;1.0;0.915;0.82;0.793;0.901;0.901;0.903;0.903;0.903;0.903;0.888;0.888;0.888;0.875;0.875;0.875;0.86;0.755;0.831;0.804
ENST00000690962_ENSG00000106290;0.915;1.0;0.904;0.847;0.985;0.985;0.987;0.987;0.987;0.987;0.972;0.972;0.972;0.959;0.959;0.959;0.944;0.825;0.901;0.873
ENST00000440225_ENSG00000106290;0.82;0.904;1.0;0.773;0.913;0.913;0.914;0.914;0.914;0.914;0.9;0.9;0.9;0.886;0.886;0.886;0.872;0.754;0.83;0.802
FBtr0074941_FBgn0010417;0.793;0.847;0.773;1.0;0.856;0.856;0.857;0.857;0.857;0.857;0.842;0.842;0.842;0.829;0.829;0.829;0.815;0.766;0.843;0.815
ENSMUST00000048698_ENSMUSG00000036980;0.901;0.985;0.913;0.856;1.0;1.0;0.999;0.999;0.999;0.999;0.984;0.984;0.984;0.971;0.971;0.971;0.956;0.837;0.913;0.885
ENSMUST00000110936_ENSMUSG00000036980;0.901;0.985;0.913;0.856;1.0;1.0;0.999;0.999;0.999;0.999;0.984;0.984;0.984;0.971;0.971;0.971;0.956;0.837;0.913;0.885
ENST00000344095_ENSG00000106290;0.903;0.987;0.914;0.857;0.999;0.999;1.0;1.0;1.0;1.0;0.985;0.985;0.985;0.972;0.972;0.972;0.957;0.838;0.914;0.886
ENST00000452041_ENSG00000106290;0.903;0.987;0.914;0.857;0.999;0.999;1.0;1.0;1.0;1.0;0.985;0.985;0.985;0.972;0.972;0.972;0.957;0.838;0.914;0.886
ENST00000453269_ENSG00000106290;0.903;0.987;0.914;0.857;0.999;0.999;1.0;1.0;1.0;1.0;0.985;0.985;0.985;0.972;0.972;0.972;0.957;0.838;0.914;0.886
ENST00000472509_ENSG00000106290;0.903;0.987;0.914;0.857;0.999;0.999;1.0;1.0;1.0;1.0;0.985;0.985;0.985;0.972;0.972;0.972;0.957;0.838;0.914;0.886
ENST00000687672_ENSG00000106290;0.888;0.972;0.9;0.842;0.984;0.984;0.985;0.985;0.985;0.985;1.0;1.0;1.0;0.957;0.957;0.957;0.972;0.851;0.9;0.872
ENST00000686172_ENSG00000106290;0.888;0.972;0.9;0.842;0.984;0.984;0.985;0.985;0.985;0.985;1.0;1.0;1.0;0.957;0.957;0.957;0.972;0.851;0.9;0.872
ENST00000687151_ENSG00000106290;0.888;0.972;0.9;0.842;0.984;0.984;0.985;0.985;0.985;0.985;1.0;1.0;1.0;0.957;0.957;0.957;0.972;0.851;0.9;0.872
ENST00000687216_ENSG00000106290;0.875;0.959;0.886;0.829;0.971;0.971;0.972;0.972;0.972;0.972;0.957;0.957;0.957;1.0;1.0;1.0;0.985;0.811;0.886;0.912
ENST00000688086_ENSG00000106290;0.875;0.959;0.886;0.829;0.971;0.971;0.972;0.972;0.972;0.972;0.957;0.957;0.957;1.0;1.0;1.0;0.985;0.811;0.886;0.912
ENST00000689284_ENSG00000106290;0.875;0.959;0.886;0.829;0.971;0.971;0.972;0.972;0.972;0.972;0.957;0.957;0.957;1.0;1.0;1.0;0.985;0.811;0.886;0.912
ENST00000690206_ENSG00000106290;0.86;0.944;0.872;0.815;0.956;0.956;0.957;0.957;0.957;0.957;0.972;0.972;0.972;0.985;0.985;0.985;1.0;0.823;0.872;0.897
ENSDART00000163256_ENSDARG00000102998;0.755;0.825;0.754;0.766;0.837;0.837;0.838;0.838;0.838;0.838;0.851;0.851;0.851;0.811;0.811;0.811;0.823;1.0;0.918;0.889
ENSDART00000161751_ENSDARG00000102998;0.831;0.901;0.83;0.843;0.913;0.913;0.914;0.914;0.914;0.914;0.9;0.9;0.9;0.886;0.886;0.886;0.872;0.918;1.0;0.97
ENSDART00000184967_ENSDARG00000102998;0.804;0.873;0.802;0.815;0.885;0.885;0.886;0.886;0.886;0.886;0.872;0.872;0.872;0.912;0.912;0.912;0.897;0.889;0.97;1.0
