;transcript_4-15_ppan;transcript_4-16_ppan;transcript_4-17_ppan;transcript_4-21_ppan;transcript_5-15_ptro;transcript_5-16_ptro;transcript_5-17_ptro;transcript_5-21_ptro
transcript_4-15_ppan;1.0;0.97;0.841;0.968;1.0;0.97;0.841;0.968
transcript_4-16_ppan;0.97;1.0;0.811;0.998;0.97;1.0;0.811;0.998
transcript_4-17_ppan;0.841;0.811;1.0;0.809;0.841;0.811;1.0;0.809
transcript_4-21_ppan;0.968;0.998;0.809;1.0;0.968;0.998;0.809;1.0
transcript_5-15_ptro;1.0;0.97;0.841;0.968;1.0;0.97;0.841;0.968
transcript_5-16_ptro;0.97;1.0;0.811;0.998;0.97;1.0;0.811;0.998
transcript_5-17_ptro;0.841;0.811;1.0;0.809;0.841;0.811;1.0;0.809
transcript_5-21_ptro;0.968;0.998;0.809;1.0;0.968;0.998;0.809;1.0
