transcripts;ENSMUST00000112846_ENSMUSG00000046709;ENSTRUT00000060459_ENSTRUG00000013056;ENSXETT00000090005_ENSXETG00000006199;ENSMUST00000128869_ENSMUSG00000046709;ENSDART00000162834_ENSDARG00000102730;ENSDART00000161289_ENSDARG00000102730;ENSDART00000160711_ENSDARG00000102730;ENSTRUT00000090372_ENSTRUG00000013056;ENST00000641102_ENSG00000109339;ENST00000641050_ENSG00000109339;ENST00000641170_ENSG00000109339;ENST00000641777_ENSG00000109339;ENST00000641553_ENSG00000109339;ENST00000641718_ENSG00000109339;ENST00000641903_ENSG00000109339;ENSMUST00000086854_ENSMUSG00000046709;ENSMUST00000112847_ENSMUSG00000046709;ENSMUST00000170792_ENSMUSG00000046709;ENSXETT00000091467_ENSXETG00000006199;ENSTRUT00000064587_ENSTRUG00000013056;ENSTRUT00000086504_ENSTRUG00000013056;ENSXETT00000086349_ENSXETG00000006199
ENSMUST00000112846_ENSMUSG00000046709;1.0;0.89;0.948;0.427;0.972;0.965;0.886;0.779;0.759;0.991;0.991;0.191;0.901;0.901;0.818;0.901;0.901;0.901;0.883;0.901;0.852;0.893
ENSTRUT00000060459_ENSTRUG00000013056;0.89;1.0;0.886;0.38;0.907;0.901;0.996;0.855;0.833;0.898;0.898;0.17;0.987;0.987;0.905;0.987;0.987;0.987;0.786;0.987;0.938;0.818
ENSXETT00000090005_ENSXETG00000006199;0.948;0.886;1.0;0.405;0.975;0.969;0.89;0.759;0.741;0.957;0.957;0.181;0.874;0.874;0.794;0.874;0.874;0.874;0.837;0.874;0.826;0.867
ENSMUST00000128869_ENSMUSG00000046709;0.427;0.38;0.405;1.0;0.415;0.412;0.378;0.333;0.324;0.423;0.423;0.024;0.385;0.385;0.412;0.385;0.385;0.385;0.476;0.385;0.405;0.382
ENSDART00000162834_ENSDARG00000102730;0.972;0.907;0.975;0.415;1.0;0.993;0.911;0.775;0.755;0.981;0.981;0.186;0.894;0.894;0.812;0.894;0.894;0.894;0.858;0.894;0.846;0.887
ENSDART00000161289_ENSDARG00000102730;0.965;0.901;0.969;0.412;0.993;1.0;0.905;0.77;0.751;0.975;0.975;0.184;0.889;0.889;0.807;0.889;0.889;0.889;0.853;0.889;0.84;0.893
ENSDART00000160711_ENSDARG00000102730;0.886;0.996;0.89;0.378;0.911;0.905;1.0;0.852;0.83;0.894;0.894;0.169;0.983;0.983;0.901;0.983;0.983;0.983;0.782;0.983;0.934;0.815
ENSTRUT00000090372_ENSTRUG00000013056;0.779;0.855;0.759;0.333;0.775;0.77;0.852;1.0;0.916;0.786;0.786;0.149;0.864;0.864;0.796;0.864;0.864;0.864;0.688;0.864;0.822;0.724
ENST00000641102_ENSG00000109339;0.759;0.833;0.741;0.324;0.755;0.751;0.83;0.916;1.0;0.766;0.766;0.145;0.842;0.842;0.775;0.842;0.842;0.842;0.67;0.842;0.801;0.707
ENST00000641050_ENSG00000109339;0.991;0.898;0.957;0.423;0.981;0.975;0.894;0.786;0.766;1.0;1.0;0.189;0.91;0.91;0.826;0.91;0.91;0.91;0.875;0.91;0.86;0.902
ENST00000641170_ENSG00000109339;0.991;0.898;0.957;0.423;0.981;0.975;0.894;0.786;0.766;1.0;1.0;0.189;0.91;0.91;0.826;0.91;0.91;0.91;0.875;0.91;0.86;0.902
ENST00000641777_ENSG00000109339;0.191;0.17;0.181;0.024;0.186;0.184;0.169;0.149;0.145;0.189;0.189;1.0;0.172;0.172;0.09;0.172;0.172;0.172;0.103;0.172;0.123;0.171
ENST00000641553_ENSG00000109339;0.901;0.987;0.874;0.385;0.894;0.889;0.983;0.864;0.842;0.91;0.91;0.172;1.0;1.0;0.916;1.0;1.0;1.0;0.796;1.0;0.951;0.828
ENST00000641718_ENSG00000109339;0.901;0.987;0.874;0.385;0.894;0.889;0.983;0.864;0.842;0.91;0.91;0.172;1.0;1.0;0.916;1.0;1.0;1.0;0.796;1.0;0.951;0.828
ENST00000641903_ENSG00000109339;0.818;0.905;0.794;0.412;0.812;0.807;0.901;0.796;0.775;0.826;0.826;0.09;0.916;0.916;1.0;0.916;0.916;0.916;0.864;0.916;0.964;0.752
ENSMUST00000086854_ENSMUSG00000046709;0.901;0.987;0.874;0.385;0.894;0.889;0.983;0.864;0.842;0.91;0.91;0.172;1.0;1.0;0.916;1.0;1.0;1.0;0.796;1.0;0.951;0.828
ENSMUST00000112847_ENSMUSG00000046709;0.901;0.987;0.874;0.385;0.894;0.889;0.983;0.864;0.842;0.91;0.91;0.172;1.0;1.0;0.916;1.0;1.0;1.0;0.796;1.0;0.951;0.828
ENSMUST00000170792_ENSMUSG00000046709;0.901;0.987;0.874;0.385;0.894;0.889;0.983;0.864;0.842;0.91;0.91;0.172;1.0;1.0;0.916;1.0;1.0;1.0;0.796;1.0;0.951;0.828
ENSXETT00000091467_ENSXETG00000006199;0.883;0.786;0.837;0.476;0.858;0.853;0.782;0.688;0.67;0.875;0.875;0.103;0.796;0.796;0.864;0.796;0.796;0.796;1.0;0.796;0.837;0.789
ENSTRUT00000064587_ENSTRUG00000013056;0.901;0.987;0.874;0.385;0.894;0.889;0.983;0.864;0.842;0.91;0.91;0.172;1.0;1.0;0.916;1.0;1.0;1.0;0.796;1.0;0.951;0.828
ENSTRUT00000086504_ENSTRUG00000013056;0.852;0.938;0.826;0.405;0.846;0.84;0.934;0.822;0.801;0.86;0.86;0.123;0.951;0.951;0.964;0.951;0.951;0.951;0.837;0.951;1.0;0.783
ENSXETT00000086349_ENSXETG00000006199;0.893;0.818;0.867;0.382;0.887;0.893;0.815;0.724;0.707;0.902;0.902;0.171;0.828;0.828;0.752;0.828;0.828;0.828;0.789;0.828;0.783;1.0
