;transcript_4-13_ppan;transcript_4-20_ppan;transcript_4-26_ppan;transcript_5-13_ptro;transcript_5-20_ptro;transcript_5-26_ptro
transcript_4-13_ppan;1.0;0.989;0.991;1.0;0.989;0.991
transcript_4-20_ppan;0.989;1.0;0.98;0.989;1.0;0.98
transcript_4-26_ppan;0.991;0.98;1.0;0.991;0.98;1.0
transcript_5-13_ptro;1.0;0.989;0.991;1.0;0.989;0.991
transcript_5-20_ptro;0.989;1.0;0.98;0.989;1.0;0.98
transcript_5-26_ptro;0.991;0.98;1.0;0.991;0.98;1.0
